# oST version 5.0 parameters


[image]

width
640

height
480

[narrow_stereo]

camera matrix
656.410892 0.000000 320.060527
0.000000 654.935932 222.932675
0.000000 0.000000 1.000000

distortion
-0.439076 0.215870 0.001905 0.005790 0.000000

rectification
1.000000 0.000000 0.000000
0.000000 1.000000 0.000000
0.000000 0.000000 1.000000

projection
581.950317 0.000000 324.436091 0.000000
0.000000 613.906494 221.234368 0.000000
0.000000 0.000000 1.000000 0.000000
